4294967279,567
4294967278,375
4294967278,374
4294967294,435
4294967294,819
4294967279,566
4294967279,565
4294967278,373
58,13
58,12
58,11
58,10
58,9
58,8
58,7
58,6
58,5
58,4
58,3
58,2
58,1
58,0
4294967278,372
57,12
57,11
57,10
57,9
57,8
57,7
57,6
57,5
57,4
57,3
57,2
57,1
57,0
4294967279,564
56,11
56,10
56,9
56,8
56,7
56,6
56,5
56,4
56,3
56,2
56,1
56,0
4294967279,563
55,10
55,9
55,8
55,7
55,6
55,5
55,4
55,3
55,2
55,1
55,0
54,9
54,8
54,7
54,6
54,5
54,4
54,3
54,2
54,1
54,0
53,8
53,7
53,6
53,5
53,4
53,3
53,2
53,1
53,0
4294967278,371
4294967278,370
4294967279,562
52,7
52,6
52,5
52,4
52,3
52,2
52,1
52,0
4294967278,369
4294967279,561
4294967278,368
51,6
51,5
51,4
51,3
51,2
51,1
51,0
4294967279,560
4294967278,367
4294967278,366
4294967279,559
4294967294,128
50,5
50,4
50,3
50,2
50,1
50,0
49,4
49,3
49,2
49,1
49,0
48,4
48,3
48,2
48,1
48,0
47,4
47,3
47,2
47,1
47,0
46,4
46,3
46,2
46,1
46,0
4294967279,558
4294967294,823
4294967278,365
45,4
45,3
45,2
45,1
45,0
4294967294,903
44,4
44,3
44,2
44,1
44,0
43,4
43,3
43,2
43,1
43,0
42,4
42,3
42,2
42,1
42,0
4294967279,557
4294967279,556
41,6
4294967278,364
41,5
41,4
41,3
41,2
41,1
41,0
40,5
40,4
40,3
40,2
40,1
40,0
4294967279,555
4294967278,363
39,5
39,4
39,3
39,2
39,1
39,0
4294967278,362
4294967278,361
4294967279,554
38,4
38,3
38,2
38,1
38,0
37,4
37,3
37,2
37,1
37,0
4294967294,1071
4294967279,553
36,5
36,4
36,3
36,2
36,1
36,0
35,4
35,3
35,2
35,1
35,0
4294967294,1070
4294967278,360
4294967279,552
4294967278,359
4294967279,551
4294967278,358
4294967279,550
4294967279,549
34,4
34,3
34,2
34,1
34,0
4294967278,357
33,4
33,3
33,2
33,1
33,0
4294967279,548
32,6
4294967294,184
4294967279,547
4294967278,356
4294967278,355
32,5
32,4
32,3
32,2
32,1
32,0
4294967279,546
4294967279,545
4294967279,544
4294967279,543
31,5
31,4
31,3
31,2
31,1
31,0
4294967278,354
30,5
30,4
30,3
30,2
30,1
30,0
4294967279,542
4294967278,353
4294967279,541
4294967278,352
4294967279,540
29,4
29,3
29,2
29,1
29,0
28,4
28,3
28,2
28,1
28,0
4294967294,1069
4294967279,539
4294967279,538
27,5
27,4
27,3
27,2
27,1
27,0
26,4
26,3
26,2
26,1
26,0
4294967294,1068
4294967278,351
4294967278,350
4294967278,349
4294967278,348
4294967278,347
4294967279,537
4294967278,346
4294967279,536
4294967278,345
4294967279,535
4294967278,344
4294967279,534
4294967278,343
4294967279,533
4294967279,532
4294967279,531
4294967278,342
4294967279,530
4294967278,341
4294967279,529
4294967278,340
4294967279,528
4294967278,339
4294967279,527
4294967279,526
4294967278,338
4294967278,337
4294967279,525
4294967279,524
4294967278,336
4294967279,523
4294967278,335
4294967279,522
4294967278,334
4294967279,521
4294967278,333
4294967278,332
4294967279,520
4294967278,331
4294967278,330
4294967279,519
4294967279,518
4294967278,329
4294967279,517
4294967278,328
25,13
25,12
25,11
25,10
25,9
25,8
25,7
25,6
25,5
25,4
25,3
25,2
25,1
25,0
4294967278,327
4294967278,326
4294967279,516
4294967278,325
4294967279,515
4294967279,514
4294967278,324
4294967279,513
24,12
24,11
24,10
24,9
24,8
24,7
24,6
24,5
24,4
24,3
24,2
24,1
24,0
4294967279,512
4294967278,323
4294967278,322
4294967279,319
4294967294,1076
4294967294,1075
4294967294,1074
4294967279,318
23,11
23,10
23,9
23,8
23,7
23,6
23,5
23,4
23,3
23,2
23,1
23,0
4294967279,317
4294967278,321
4294967279,316
4294967294,1073
4294967294,1072
4294967279,315
4294967278,320
22,10
22,9
22,8
22,7
22,6
22,5
22,4
22,3
